23
23
28
7
81
28
45
7
81
7
28
27
28
44
28
63
28
7
23
80
81
45
7
23
81
44
7
81
44
7
28
7
7
23
28
23
44
28
7
28
23
7
44
7
7
23
44
23
81
44
81
54
77
23
23
44
54
7
4
44
5
81
28
44
77
63
7
4
7
28
28
4
81
44
56
81
44
77
44
23
81
7
44
44
7
23
7
7
81
23
81
81
44
64
7
4
81
43
54
5
23
44
4
7
28
29
7
63
4
44
23
80
81
44
81
7
63
23
44
7
23
81
4
7
80
80
7
23
4
42
81
44
63
81
81
4
23
7
81
44
7
81
28
44
23
63
23
23
23
23
7
45
81
7
23
7
80
7
23
54
29
44
81
44
81
63
7
81
29
44
28
7
28
63
29
7
23
28
44
44
44
7
81
23
42
23
63
7
23
63
28
81
81
44
23
44
52
7
81
81
4
23
7
7
81
4
81
23
7
7
44
44
7
28
43
29
7
81
23
45
45
28
23
28
23
45
7
81
63
28
7
44
28
80
23
63
77
23
7
5
81
28
28
5
23
44
23
44
43
7
81
81
7
5
63
4
7
7
23
44
44
45
28
4
7
81
7
29
7
5
44
5
28
4
81
23
7
7
81
7
74
4
23
7
45
23
45
63
81
44
4
80
29
81
44
23
23
9
23
23
23
54
9
7
80
23
9
7
45
44
28
23
7
9
54
44
28
4
7
23
80
77
7
23
23
28
23
44
52
23
23
7
7
28
81
23
43
45
7
23
63
7
23
5
43
7
5
23
23
7
4
56
81
28
63
7
9
23
81
45
81
45
23
63
29
7
28
44
23
28
4
5
28
81
63
28
81
7
7
81
23
43
28
7
7
44
7
45
23
28
24
81
23
45
4
44
4
81
63
29
44
54
63
7
44
4
81
81
4
23
7
23
63
7
23
4
