11
2
4
18
2
4
12
2
13
18
4
14
4
4
4
15
11
13
11
13
2
19
18
11
16
4
11
2
16
4
4
11
18
11
4
11
16
4
18
19
11
18
13
16
18
11
4
11
2
16
2
15
2
11
15
11
15
18
2
11
11
2
4
2
4
11
18
19
18
16
4
19
11
16
15
2
16
4
16
11
2
18
16
16
16
11
11
18
15
11
2
2
19
11
18
19
2
17
16
17
11
18
19
18
4
2
18
11
2
15
11
13
11
11
2
18
13
11
16
19
11
2
19
18
13
13
18
11
19
16
2
16
11
2
11
19
11
4
2
4
11
16
4
2
11
15
11
11
11
11
2
12
2
18
11
18
2
18
11
18
2
16
2
4
18
11
18
2
2
16
4
18
4
11
17
18
11
15
16
2
17
18
2
11
16
11
17
18
11
11
4
2
2
16
11
16
7
17
2
2
19
11
18
18
16
19
2
17
18
11
16
16
4
4
17
2
13
4
11
12
12
4
11
4
17
12
2
2
11
4
19
16
4
16
11
11
11
11
11
17
2
4
19
17
11
16
2
16
17
18
2
2
11
17
11
19
18
9
11
16
16
11
4
19
18
2
4
2
11
17
16
17
4
19
15
11
18
18
11
2
3
19
11
18
12
11
11
11
2
16
11
13
2
4
16
11
11
4
11
11
11
15
15
16
11
11
14
18
11
16
4
11
18
18
15
16
4
19
18
11
19
2
18
11
11
4
2
16
14
11
2
18
18
4
2
11
17
12
4
11
11
18
4
17
4
4
17
11
11
15
19
15
2
4
11
18
14
11
2
12
15
12
11
11
2
16
4
16
11
4
19
17
4
2
11
4
2
17
18
2
11
17
4
18
18
16
18
12
11
4
11
17
11
12
17
16
19
2
11
2
11
15
11
18
16
19
2
2
19
11
4
11
11
18
11
19
