12
23
7
42
52
77
63
12
12
52
7
52
12
7
7
0
23
52
12
12
81
56
17
63
52
52
7
52
12
7
12
52
7
12
77
12
12
12
56
63
52
4
77
12
7
7
42
52
52
28
7
27
77
7
56
12
17
12
52
4
4
7
12
12
12
27
63
23
52
23
52
29
64
43
52
52
12
52
7
7
52
23
52
4
12
7
7
12
52
45
52
5
7
64
45
45
17
7
19
52
52
52
23
27
63
12
7
19
52
56
5
12
52
52
12
12
63
52
52
12
12
17
52
52
7
7
52
63
12
52
7
42
52
74
29
52
23
7
52
12
63
45
7
56
77
23
4
42
4
45
52
45
7
4
12
23
52
63
17
27
44
12
52
42
19
23
42
52
7
42
12
12
52
23
5
19
12
52
5
27
52
52
52
52
23
52
52
27
52
4
52
77
52
23
0
42
52
80
52
12
4
52
42
12
7
7
0
4
63
0
42
4
42
44
52
52
7
52
7
12
12
63
12
52
7
45
52
27
63
7
12
52
64
23
52
0
52
5
7
23
52
42
52
74
52
52
12
52
77
7
12
52
7
12
45
52
7
23
23
7
12
52
52
23
7
12
7
7
42
5
28
0
52
52
52
52
12
81
7
52
63
52
5
12
23
52
54
52
52
77
56
12
5
74
12
4
56
52
7
12
27
0
4
12
23
23
52
27
7
7
17
7
52
77
54
12
19
23
12
63
12
52
12
52
7
52
56
12
52
52
64
12
42
12
45
52
12
52
27
52
52
7
42
4
43
52
52
64
7
12
29
52
7
12
52
27
52
7
7
12
54
23
7
63
4
42
12
4
45
12
12
63
27
52
52
52
17
0
42
52
52
23
12
12
27
7
7
45
27
7
7
45
4
23
52
9
7
52
56
5
17
52
23
52
44
5
52
12
29
81
63
7
52
17
27
24
