13
11
11
13
7
3
11
13
13
7
19
7
13
8
18
8
12
19
13
7
11
15
1
11
1
19
18
7
8
18
12
7
18
13
1
13
13
19
15
11
19
19
1
18
7
18
13
7
7
7
19
14
1
13
7
13
1
13
7
19
19
19
13
13
13
11
14
19
11
11
13
13
11
7
12
7
16
7
18
18
19
11
7
19
13
18
18
14
19
12
7
8
18
11
18
12
19
18
10
7
7
19
11
14
11
13
18
10
7
15
18
13
13
19
13
13
11
7
7
13
13
1
7
7
13
13
7
11
13
7
19
13
7
3
12
7
11
18
7
11
15
12
18
15
1
11
19
13
11
12
7
12
18
18
19
14
19
13
1
11
1
13
7
13
10
11
11
19
18
16
13
18
7
14
17
10
13
19
11
12
19
7
7
7
17
7
7
14
7
19
7
2
7
11
8
11
11
13
13
13
19
7
16
13
7
17
8
19
11
18
13
19
13
15
7
19
19
7
18
13
13
11
13
19
18
12
7
11
19
7
13
19
13
11
7
8
12
17
15
11
19
7
7
3
19
7
7
7
1
13
13
7
18
13
12
3
18
11
19
19
13
7
7
11
18
2
18
13
13
17
4
8
7
7
19
7
18
14
18
7
11
8
18
13
11
7
15
19
7
1
19
13
17
13
13
19
15
7
18
13
11
8
19
14
11
11
14
14
19
18
13
18
19
18
15
13
12
11
13
11
13
2
13
7
11
7
15
13
7
7
11
13
14
7
12
7
11
13
14
19
19
18
18
19
17
7
19
11
18
13
8
7
19
12
7
14
7
12
18
14
15
11
1
11
19
13
13
19
12
13
13
11
17
7
7
7
1
8
13
7
7
7
13
18
7
7
11
12
11
18
15
13
19
11
7
13
18
19
15
19
1
7
11
7
16
17
7
13
13
11
11
8
7
1
12
9
